0.0
0.2012477359629704
0.4024954719259408
0.6037432078889112
0.8049909438518816
1.0062386798148522
1.2074864157778225
1.4087341517407928
1.6099818877037633
1.8112296236667338
2.0124773596297043
2.2137250955926744
2.414972831555645
2.6162205675186154
2.8174683034815855
3.018716039444556
3.2199637754075265
3.421211511370497
3.6224592473334676
3.8237069832964377
4.024954719259409
4.226202455222379
4.427450191185349
4.62869792714832
4.82994566311129
5.03119339907426
5.232441135037231
5.433688871000201
5.634936606963171
5.836184342926142
6.037432078889112
6.238679814852083
6.439927550815053
6.641175286778023
6.842423022740994
7.043670758703964
7.244918494666935
7.446166230629905
7.647413966592875
7.848661702555846
8.049909438518817
8.251157174481786
8.452404910444757
8.653652646407728
8.854900382370698
9.056148118333669
9.25739585429664
9.458643590259609
9.65989132622258
9.86113906218555
10.06238679814852
10.26363453411149
10.464882270074462
10.666130006037431
10.867377742000402
11.068625477963373
11.269873213926342
11.471120949889313
11.672368685852284
11.873616421815255
12.074864157778224
12.276111893741195
12.477359629704166
12.678607365667135
12.879855101630106
13.081102837593077
13.282350573556046
13.483598309519017
13.684846045481988
13.886093781444957
14.087341517407928
14.2885892533709
14.48983698933387
14.69108472529684
14.89233246125981
15.093580197222781
15.29482793318575
15.496075669148722
15.697323405111693
15.898571141074662
16.099818877037634
16.301066613000604
16.502314348963573
16.703562084926546
16.904809820889515
17.106057556852484
17.307305292815457
17.508553028778426
17.709800764741395
17.911048500704368
18.112296236667337
18.313543972630306
18.51479170859328
18.716039444556248
18.917287180519217
19.11853491648219
19.31978265244516
19.52103038840813
19.7222781243711
19.92352586033407
20.12477359629704
20.326021332260012
20.52726906822298
20.72851680418595
20.929764540148923
21.131012276111893
21.332260012074862
21.533507748037835
21.734755484000804
21.936003219963773
22.137250955926746
22.338498691889715
22.539746427852684
22.740994163815657
22.942241899778626
23.1434896357416
23.344737371704568
23.545985107667537
23.74723284363051
23.94848057959348
24.149728315556448
24.35097605151942
24.55222378748239
24.75347152344536
24.954719259408332
25.1559669953713
25.35721473133427
25.558462467297243
25.759710203260212
25.96095793922318
26.162205675186154
26.363453411149123
26.564701147112093
26.765948883075065
26.967196619038035
27.168444355001004
27.369692090963976
27.570939826926946
27.772187562889915
27.973435298852888
28.174683034815857
28.375930770778826
28.5771785067418
28.778426242704768
28.97967397866774
29.18092171463071
29.38216945059368
29.58341718655665
29.78466492251962
29.98591265848259
30.187160394445563
30.388408130408532
30.5896558663715
30.790903602334474
30.992151338297443
31.193399074260412
31.394646810223385
31.595894546186354
31.797142282149323
31.998390018112296
32.19963775407527
32.400885490038235
32.60213322600121
32.80338096196418
33.004628697927146
33.20587643389012
33.40712416985309
33.60837190581606
33.80961964177903
34.010867377742
34.21211511370497
34.41336284966794
34.61461058563091
34.81585832159388
35.01710605755685
35.218353793519825
35.41960152948279
35.62084926544576
35.822097001408736
36.0233447373717
36.224592473334674
36.42584020929765
36.62708794526061
36.828335681223585
37.02958341718656
37.23083115314952
37.432078889112496
37.63332662507547
37.834574361038435
38.03582209700141
38.23706983296438
38.438317568927346
38.63956530489032
38.84081304085329
39.04206077681626
39.24330851277923
39.4445562487422
39.64580398470517
39.84705172066814
40.04829945663111
40.24954719259408
40.45079492855705
40.652042664520025
40.85329040048299
41.05453813644596
41.255785872408936
41.4570336083719
41.658281344334874
41.85952908029785
42.06077681626081
42.262024552223785
42.46327228818676
42.664520024149724
42.865767760112696
43.06701549607567
43.268263232038635
43.46951096800161
43.67075870396458
43.872006439927546
44.07325417589052
44.27450191185349
44.47574964781646
44.67699738377943
44.8782451197424
45.07949285570537
45.28074059166834
45.48198832763131
45.683236063594286
45.88448379955725
46.085731535520225
46.2869792714832
46.48822700744616
46.689474743409136
46.89072247937211
47.091970215335074
47.29321795129805
47.49446568726102
47.695713423223985
47.89696115918696
48.09820889514993
48.299456631112896
48.50070436707587
48.70195210303884
48.90319983900181
49.10444757496478
49.30569531092775
49.50694304689072
49.70819078285369
49.909438518816664
50.11068625477963
50.3119339907426
50.513181726705575
50.71442946266854
50.91567719863151
51.116924934594486
51.31817267055745
51.519420406520425
51.7206681424834
51.92191587844636
52.123163614409336
52.32441135037231
52.525659086335274
52.72690682229825
52.92815455826122
53.129402294224185
53.33065003018716
53.53189776615013
53.733145502113096
53.93439323807607
54.13564097403904
54.33688871000201
54.53813644596498
54.73938418192795
54.94063191789092
55.14187965385389
55.343127389816864
55.54437512577983
55.7456228617428
55.946870597705775
56.14811833366874
56.349366069631714
56.550613805594686
56.75186154155765
56.953109277520625
57.1543570134836
57.35560474944656
57.556852485409536
57.75810022137251
57.95934795733548
58.16059569329845
58.36184342926142
58.56309116522439
58.76433890118736
58.96558663715033
59.1668343731133
59.36808210907627
59.56932984503924
59.770577581002215
59.97182531696518
60.17307305292815
60.374320788891126
60.57556852485409
60.776816260817064
60.97806399678004
61.179311732743
61.380559468705975
61.58180720466895
61.783054940631914
61.984302676594886
62.18555041255786
62.386798148520825
62.5880458844838
62.78929362044677
62.990541356409736
63.19178909237271
63.39303682833568
63.59428456429865
63.79553230026162
63.99678003622459
64.19802777218756
64.39927550815054
64.6005232441135
64.80177098007647
65.00301871603945
65.20426645200241
65.40551418796538
65.60676192392836
65.80800965989133
66.00925739585429
66.21050513181727
66.41175286778024
66.6130006037432
66.81424833970618
67.01549607566915
67.21674381163211
67.4179915475951
67.61923928355806
67.82048701952102
68.021734755484
68.22298249144697
68.42423022740994
68.62547796337292
68.82672569933588
69.02797343529885
69.22922117126183
69.43046890722479
69.63171664318776
69.83296437915074
70.0342121151137
70.23545985107667
70.43670758703965
70.63795532300261
70.83920305896558
71.04045079492856
71.24169853089153
71.44294626685449
71.64419400281747
71.84544173878044
72.0466894747434
72.24793721070638
72.44918494666935
72.65043268263231
72.8516804185953
73.05292815455826
73.25417589052122
73.4554236264842
73.65667136244717
73.85791909841014
74.05916683437312
74.26041457033608
74.46166230629905
74.66291004226203
74.86415777822499
75.06540551418796
75.26665325015094
75.4679009861139
75.66914872207687
75.87039645803985
76.07164419400281
76.27289192996578
76.47413966592876
76.67538740189173
76.87663513785469
77.07788287381767
77.27913060978064
77.4803783457436
77.68162608170658
77.88287381766955
78.08412155363251
78.2853692895955
78.48661702555846
78.68786476152142
78.8891124974844
79.09036023344737
79.29160796941034
79.49285570537332
79.69410344133628
79.89535117729925
80.09659891326223
80.29784664922519
80.49909438518816
80.70034212115114
80.9015898571141
81.10283759307707
81.30408532904005
81.50533306500301
81.70658080096598
81.90782853692896
82.10907627289193
82.31032400885489
82.51157174481787
82.71281948078084
82.9140672167438
83.11531495270678
83.31656268866975
83.51781042463271
83.7190581605957
83.92030589655866
84.12155363252162
84.3228013684846
84.52404910444757
84.72529684041054
84.92654457637352
85.12779231233648
85.32904004829945
85.53028778426243
85.73153552022539
85.93278325618836
86.13403099215134
86.3352787281143
86.53652646407727
86.73777420004025
86.93902193600321
87.14026967196618
87.34151740792916
87.54276514389213
87.74401287985509
87.94526061581807
88.14650835178104
88.347756087744
88.54900382370698
88.75025155966995
88.95149929563291
89.1527470315959
89.35399476755886
89.55524250352182
89.7564902394848
89.95773797544777
90.15898571141074
90.36023344737372
90.56148118333668
90.76272891929966
90.96397665526263
91.16522439122559
91.36647212718857
91.56771986315154
91.7689675991145
91.97021533507748
92.17146307104045
92.37271080700341
92.5739585429664
92.77520627892936
92.97645401489233
93.1777017508553
93.37894948681827
93.58019722278124
93.78144495874422
93.98269269470718
94.18394043067015
94.38518816663313
94.5864359025961
94.78768363855906
94.98893137452204
95.190179110485
95.39142684644797
95.59267458241095
95.79392231837392
95.99517005433688
96.19641779029986
96.39766552626283
96.59891326222579
96.80016099818877
97.00140873415174
97.2026564701147
97.40390420607768
97.60515194204065
97.80639967800361
98.0076474139666
98.20889514992956
98.41014288589253
98.6113906218555
98.81263835781847
99.01388609378144
99.21513382974442
99.41638156570738
99.61762930167035
99.81887703763333
100.0201247735963
100.22137250955926
100.42262024552224
100.6238679814852
100.82511571744817
101.02636345341115
101.22761118937412
101.42885892533708
101.63010666130006
101.83135439726303
102.03260213322599
102.23384986918897
102.43509760515194
102.6363453411149
102.83759307707788
103.03884081304085
103.24008854900381
103.4413362849668
103.64258402092976
103.84383175689273
104.0450794928557
104.24632722881867
104.44757496478164
104.64882270074462
104.85007043670758
105.05131817267055
105.25256590863353
105.4538136445965
105.65506138055946
105.85630911652244
106.0575568524854
106.25880458844837
106.46005232441135
106.66130006037432
106.86254779633728
107.06379553230026
107.26504326826323
107.46629100422619
107.66753874018917
107.86878647615214
108.0700342121151
108.27128194807808
108.47252968404105
108.67377742000401
108.875025155967
109.07627289192996
109.27752062789293
109.4787683638559
109.68001609981887
109.88126383578184
110.08251157174482
110.28375930770778
110.48500704367075
110.68625477963373
110.8875025155967
111.08875025155966
111.28999798752264
111.4912457234856
111.69249345944857
111.89374119541155
112.09498893137452
112.29623666733748
112.49748440330046
112.69873213926343
112.89997987522639
113.10122761118937
113.30247534715234
113.5037230831153
113.70497081907828
113.90621855504125
114.10746629100422
114.3087140269672
114.50996176293016
114.71120949889313
114.9124572348561
115.11370497081907
115.31495270678204
115.51620044274502
115.71744817870798
115.91869591467096
116.11994365063393
116.3211913865969
116.52243912255987
116.72368685852284
116.9249345944858
117.12618233044878
117.32743006641175
117.52867780237472
117.7299255383377
117.93117327430066
118.13242101026363
118.3336687462266
118.53491648218957
118.73616421815254
118.93741195411552
119.13865969007848
119.33990742604145
119.54115516200443
119.7424028979674
119.94365063393036
120.14489836989334
120.3461461058563
120.54739384181927
120.74864157778225
120.94988931374522
121.15113704970818
121.35238478567116
121.55363252163413
121.7548802575971
121.95612799356007
122.15737572952304
122.358623465486
122.55987120144898
122.76111893741195
122.96236667337492
123.1636144093379
123.36486214530086
123.56610988126383
123.7673576172268
123.96860535318977
124.16985308915274
124.37110082511572
124.57234856107868
124.77359629704165
124.97484403300463
125.1760917689676
125.37733950493056
125.57858724089354
125.7798349768565
125.98108271281947
126.18233044878245
126.38357818474542
126.58482592070838
126.78607365667136
126.98732139263433
127.1885691285973
127.38981686456027
127.59106460052324
127.7923123364862
127.99356007244918
128.19480780841215
128.39605554437512
128.59730328033808
128.79855101630108
128.99979875226404
129.201046488227
129.40229422418997
129.60354196015294
129.8047896961159
130.0060374320789
130.20728516804186
130.40853290400483
130.6097806399678
130.81102837593076
131.01227611189373
131.21352384785672
131.4147715838197
131.61601931978265
131.81726705574562
132.01851479170858
132.21976252767155
132.42101026363454
132.6222579995975
132.82350573556047
133.02475347152344
133.2260012074864
133.42724894344937
133.62849667941236
133.82974441537533
134.0309921513383
134.23223988730126
134.43348762326423
134.6347353592272
134.8359830951902
135.03723083115315
135.23847856711612
135.43972630307908
135.64097403904205
135.84222177500502
136.043469510968
136.24471724693097
136.44596498289394
136.6472127188569
136.84846045481987
137.04970819078284
137.25095592674583
137.4522036627088
137.65345139867176
137.85469913463473
138.0559468705977
138.25719460656066
138.45844234252365
138.65969007848662
138.86093781444958
139.06218555041255
139.26343328637552
139.46468102233848
139.66592875830148
139.86717649426444
140.0684242302274
140.26967196619037
140.47091970215334
140.6721674381163
140.8734151740793
141.07466291004226
141.27591064600523
141.4771583819682
141.67840611793116
141.87965385389413
142.08090158985712
142.2821493258201
142.48339706178305
142.68464479774602
142.88589253370898
143.08714026967195
143.28838800563494
143.4896357415979
143.69088347756087
143.89213121352384
144.0933789494868
144.29462668544977
144.49587442141276
144.69712215737573
144.8983698933387
145.09961762930166
145.30086536526463
145.5021131012276
145.7033608371906
145.90460857315355
146.10585630911652
146.30710404507948
146.50835178104245
146.70959951700542
146.9108472529684
147.11209498893137
147.31334272489434
147.5145904608573
147.71583819682027
147.91708593278324
148.11833366874623
148.3195814047092
148.52082914067216
148.72207687663513
148.9233246125981
149.12457234856106
149.32582008452405
149.52706782048702
149.72831555644999
149.92956329241295
150.13081102837592
150.33205876433888
150.53330650030188
150.73455423626484
150.9358019722278
151.13704970819077
151.33829744415374
151.5395451801167
151.7407929160797
151.94204065204266
152.14328838800563
152.3445361239686
152.54578385993156
152.74703159589453
152.94827933185752
153.1495270678205
153.35077480378345
153.55202253974642
153.75327027570938
153.95451801167235
154.15576574763534
154.3570134835983
154.55826121956127
154.75950895552424
154.9607566914872
155.1620044274502
155.36325216341316
155.56449989937613
155.7657476353391
155.96699537130206
156.16824310726503
156.36949084322802
156.570738579191
156.77198631515395
156.97323405111692
157.17448178707988
157.37572952304285
157.57697725900584
157.7782249949688
157.97947273093178
158.18072046689474
158.3819682028577
158.58321593882067
158.78446367478367
158.98571141074663
159.1869591467096
159.38820688267256
159.58945461863553
159.7907023545985
159.9919500905615
160.19319782652445
160.39444556248742
160.59569329845039
160.79694103441335
160.99818877037632
161.1994365063393
161.40068424230228
161.60193197826524
161.8031797142282
162.00442745019117
162.20567518615414
162.40692292211713
162.6081706580801
162.80941839404306
163.01066613000603
163.211913865969
163.41316160193196
163.61440933789495
163.81565707385792
164.0169048098209
164.21815254578385
164.41940028174682
164.62064801770978
164.82189575367278
165.02314348963574
165.2243912255987
165.42563896156167
165.62688669752464
165.8281344334876
166.0293821694506
166.23062990541356
166.43187764137653
166.6331253773395
166.83437311330246
167.03562084926543
167.23686858522842
167.4381163211914
167.63936405715435
167.84061179311732
168.04185952908028
168.24310726504325
168.44435500100624
168.6456027369692
168.84685047293218
169.04809820889514
169.2493459448581
169.45059368082107
169.65184141678407
169.85308915274703
170.05433688871
170.25558462467296
170.45683236063593
170.6580800965989
170.8593278325619
171.06057556852485
171.26182330448782
171.46307104045079
171.66431877641375
171.86556651237672
172.0668142483397
172.26806198430268
172.46930972026564
172.6705574562286
172.87180519219157
173.07305292815454
173.27430066411753
173.4755484000805
173.67679613604346
173.87804387200643
174.0792916079694
174.28053934393236
174.48178707989535
174.68303481585832
174.8842825518213
175.08553028778425
175.28677802374722
175.48802575971018
175.68927349567318
175.89052123163614
176.0917689675991
176.29301670356207
176.49426443952504
176.695512175488
176.896759911451
177.09800764741397
177.29925538337693
177.5005031193399
177.70175085530286
177.90299859126583
178.10424632722882
178.3054940631918
178.50674179915475
178.70798953511772
178.90923727108068
179.11048500704365
179.31173274300664
179.5129804789696
179.71422821493258
179.91547595089554
180.1167236868585
180.31797142282147
180.51921915878447
180.72046689474743
180.9217146307104
181.12296236667336
181.32421010263633
181.52545783859932
181.7267055745623
181.92795331052525
182.12920104648822
182.33044878245119
182.53169651841415
182.73294425437714
182.9341919903401
183.13543972630308
183.33668746226604
183.537935198229
183.73918293419197
183.94043067015497
184.14167840611793
184.3429261420809
184.54417387804386
184.74542161400683
184.9466693499698
185.1479170859328
185.34916482189576
185.55041255785872
185.7516602938217
185.95290802978465
186.15415576574762
186.3554035017106
186.55665123767358
186.75789897363654
186.9591467095995
187.16039444556247
187.36164218152544
187.56288991748843
187.7641376534514
187.96538538941437
188.16663312537733
188.3678808613403
188.56912859730326
188.77037633326626
188.97162406922922
189.1728718051922
189.37411954115515
189.57536727711812
189.77661501308108
189.97786274904408
190.17911048500704
190.38035822097
190.58160595693298
190.78285369289594
190.9841014288589
191.1853491648219
191.38659690078487
191.58784463674783
191.7890923727108
191.99034010867376
192.19158784463673
192.39283558059972
192.5940833165627
192.79533105252565
192.99657878848862
193.19782652445159
193.39907426041455
193.60032199637755
193.8015697323405
194.00281746830348
194.20406520426644
194.4053129402294
194.60656067619237
194.80780841215537
195.00905614811833
195.2103038840813
195.41155162004426
195.61279935600723
195.8140470919702
196.0152948279332
196.21654256389616
196.41779029985912
196.6190380358221
196.82028577178505
197.02153350774802
197.222781243711
197.42402897967398
197.62527671563694
197.8265244515999
198.02777218756287
198.22901992352584
198.43026765948883
198.6315153954518
198.83276313141477
199.03401086737773
199.2352586033407
199.43650633930366
199.63775407526666
199.83900181122962
200.0402495471926
200.24149728315555
200.44274501911852
200.64399275508148
200.84524049104448
201.04648822700744
201.2477359629704
201.44898369893338
201.65023143489634
201.8514791708593
202.0527269068223
202.25397464278527
202.45522237874823
202.6564701147112
202.85771785067416
203.05896558663713
203.26021332260012
203.4614610585631
203.66270879452605
203.86395653048902
204.06520426645199
204.26645200241495
204.46769973837795
204.6689474743409
204.87019521030388
205.07144294626684
205.2726906822298
205.47393841819277
205.67518615415577
205.87643389011873
206.0776816260817
206.27892936204466
206.48017709800763
206.68142483397062
206.8826725699336
207.08392030589656
207.28516804185952
207.4864157778225
207.68766351378545
207.88891124974845
208.0901589857114
208.29140672167438
208.49265445763734
208.6939021936003
208.89514992956327
209.09639766552627
209.29764540148923
209.4988931374522
209.70014087341517
209.90138860937813
210.1026363453411
210.3038840813041
210.50513181726706
210.70637955323002
210.907627289193
211.10887502515595
211.31012276111892
211.5113704970819
211.71261823304488
211.91386596900784
212.1151137049708
212.31636144093378
212.51760917689674
212.71885691285974
212.9201046488227
213.12135238478567
213.32260012074863
213.5238478567116
213.72509559267456
213.92634332863756
214.12759106460052
214.3288388005635
214.53008653652645
214.73133427248942
214.93258200845239
215.13382974441538
215.33507748037835
215.5363252163413
215.73757295230428
215.93882068826724
216.1400684242302
216.3413161601932
216.54256389615617
216.74381163211913
216.9450593680821
217.14630710404506
217.34755484000803
217.54880257597102
217.750050311934
217.95129804789696
218.15254578385992
218.3537935198229
218.55504125578585
218.75628899174885
218.9575367277118
219.15878446367478
219.36003219963774
219.5612799356007
219.76252767156367
219.96377540752667
220.16502314348963
220.3662708794526
220.56751861541557
220.76876635137853
220.9700140873415
221.1712618233045
221.37250955926746
221.57375729523042
221.7750050311934
221.97625276715635
222.17750050311932
222.3787482390823
222.57999597504528
222.78124371100824
222.9824914469712
223.18373918293418
223.38498691889714
223.58623465486014
223.7874823908231
223.98873012678607
224.18997786274903
224.391225598712
224.59247333467496
224.79372107063796
224.99496880660092
225.1962165425639
225.39746427852685
225.59871201448982
225.79995975045279
226.00120748641578
226.20245522237875
226.4037029583417
226.60495069430468
226.80619843026764
227.0074461662306
227.2086939021936
227.40994163815657
227.61118937411953
227.8124371100825
228.01368484604546
228.21493258200843
228.41618031797142
228.6174280539344
228.81867578989736
229.01992352586032
229.2211712618233
229.42241899778625
229.62366673374925
229.8249144697122
230.02616220567518
230.22740994163814
230.4286576776011
230.62990541356407
230.83115314952707
231.03240088549003
231.233648621453
231.43489635741597
231.63614409337893
231.83739182934193
232.0386395653049
232.23988730126786
232.44113503723082
232.6423827731938
232.84363050915675
233.04487824511975
233.2461259810827
233.44737371704568
233.64862145300864
233.8498691889716
234.05111692493458
234.25236466089757
234.45361239686054
234.6548601328235
234.85610786878647
235.05735560474943
235.2586033407124
235.4598510766754
235.66109881263836
235.86234654860132
236.0635942845643
236.26484202052725
236.46608975649022
236.6673374924532
236.86858522841618
237.06983296437915
237.2710807003421
237.47232843630508
237.67357617226804
237.87482390823104
238.076071644194
238.27731938015697
238.47856711611993
238.6798148520829
238.88106258804586
239.08231032400886
239.28355805997182
239.4848057959348
239.68605353189776
239.88730126786072
240.0885490038237
240.28979673978668
240.49104447574965
240.6922922117126
240.89353994767558
241.09478768363854
241.2960354196015
241.4972831555645
241.69853089152747
241.89977862749043
242.1010263634534
242.30227409941637
242.50352183537933
242.70476957134233
242.9060173073053
243.10726504326826
243.30851277923122
243.5097605151942
243.71100825115715
243.91225598712015
244.1135037230831
244.31475145904608
244.51599919500904
244.717246930972
244.91849466693498
245.11974240289797
245.32099013886094
245.5222378748239
245.72348561078687
245.92473334674983
246.1259810827128
246.3272288186758
246.52847655463876
246.72972429060172
246.9309720265647
247.13221976252765
247.33346749849062
247.5347152344536
247.73596297041658
247.93721070637955
248.1384584423425
248.33970617830548
248.54095391426844
248.74220165023144
248.9434493861944
249.14469712215737
249.34594485812033
249.5471925940833
249.74844033004626
249.94968806600926
250.15093580197222
250.3521835379352
250.55343127389816
250.75467900986112
250.9559267458241
251.15717448178708
251.35842221775005
251.559669953713
251.76091768967598
251.96216542563894
252.1634131616019
252.3646608975649
252.56590863352787
252.76715636949083
252.9684041054538
253.16965184141677
253.37089957737973
253.57214731334273
253.7733950493057
253.97464278526866
254.17589052123162
254.3771382571946
254.57838599315755
254.77963372912055
254.9808814650835
255.18212920104648
255.38337693700944
255.5846246729724
255.78587240893538
255.98712014489837
256.18836788086134
256.3896156168243
256.59086335278727
256.79211108875023
256.9933588247132
257.19460656067616
257.39585429663913
257.59710203260215
257.7983497685651
257.9995975045281
258.20084524049105
258.402092976454
258.603340712417
258.80458844837995
259.0058361843429
259.2070839203059
259.40833165626884
259.6095793922318
259.8108271281948
260.0120748641578
260.21332260012076
260.4145703360837
260.6158180720467
260.81706580800966
261.0183135439726
261.2195612799356
261.42080901589856
261.6220567518615
261.8233044878245
262.02455222378745
262.2257999597504
262.42704769571344
262.6282954316764
262.8295431676394
263.03079090360234
263.2320386395653
263.43328637552827
263.63453411149123
263.8357818474542
264.03702958341717
264.23827731938013
264.4395250553431
264.64077279130606
264.8420205272691
265.04326826323205
265.244515999195
265.445763735158
265.64701147112095
265.8482592070839
266.0495069430469
266.25075467900984
266.4520024149728
266.6532501509358
266.85449788689874
267.0557456228617
267.25699335882473
267.4582410947877
267.65948883075066
267.8607365667136
268.0619843026766
268.26323203863956
268.4644797746025
268.6657275105655
268.86697524652845
269.0682229824914
269.2694707184544
269.47071845441735
269.6719661903804
269.87321392634334
270.0744616623063
270.27570939826927
270.47695713423224
270.6782048701952
270.87945260615817
271.08070034212113
271.2819480780841
271.48319581404706
271.68444355001003
271.885691285973
272.086939021936
272.288186757899
272.48943449386195
272.6906822298249
272.8919299657879
273.09317770175085
273.2944254377138
273.4956731736768
273.69692090963974
273.8981686456027
274.0994163815657
274.30066411752864
274.50191185349166
274.70315958945463
274.9044073254176
275.10565506138056
275.3069027973435
275.5081505333065
275.70939826926946
275.9106460052324
276.1118937411954
276.31314147715835
276.5143892131213
276.7156369490843
276.9168846850473
277.1181324210103
277.31938015697324
277.5206278929362
277.72187562889917
277.92312336486214
278.1243711008251
278.32561883678807
278.52686657275103
278.728114308714
278.92936204467696
279.13060978063993
279.33185751660295
279.5331052525659
279.7343529885289
279.93560072449185
280.1368484604548
280.3380961964178
280.53934393238075
280.7405916683437
280.9418394043067
281.14308714026964
281.3443348762326
281.5455826121956
281.7468303481586
281.94807808412156
282.1493258200845
282.3505735560475
282.55182129201046
282.7530690279734
282.9543167639364
283.15556449989936
283.3568122358623
283.5580599718253
283.75930770778825
283.9605554437513
284.16180317971424
284.3630509156772
284.5642986516402
284.76554638760314
284.9667941235661
285.16804185952907
285.36928959549203
285.570537331455
285.77178506741797
285.97303280338093
286.1742805393439
286.3755282753069
286.5767760112699
286.77802374723285
286.9792714831958
287.1805192191588
287.38176695512175
287.5830146910847
287.7842624270477
287.98551016301064
288.1867578989736
288.3880056349366
288.58925337089954
288.79050110686256
288.99174884282553
289.1929965787885
289.39424431475146
289.5954920507144
289.7967397866774
289.99798752264036
290.1992352586033
290.4004829945663
290.60173073052925
290.8029784664922
291.0042262024552
291.2054739384182
291.4067216743812
291.60796941034414
291.8092171463071
292.01046488227007
292.21171261823304
292.412960354196
292.61420809015897
292.81545582612193
293.0167035620849
293.21795129804786
293.41919903401083
293.62044676997385
293.8216945059368
294.0229422418998
294.22418997786275
294.4254377138257
294.6266854497887
294.82793318575165
295.0291809217146
295.2304286576776
295.43167639364054
295.6329241296035
295.8341718655665
296.0354196015295
296.23666733749246
296.43791507345543
296.6391628094184
296.84041054538136
297.0416582813443
297.2429060173073
297.44415375327026
297.6454014892332
297.8466492251962
298.04789696115915
298.2491446971221
298.45039243308514
298.6516401690481
298.8528879050111
299.05413564097404
299.255383376937
299.45663111289997
299.65787884886294
299.8591265848259
300.06037432078887
300.26162205675183
300.4628697927148
300.66411752867776
300.8653652646408
301.06661300060375
301.2678607365667
301.4691084725297
301.67035620849265
301.8716039444556
302.0728516804186
302.27409941638155
302.4753471523445
302.6765948883075
302.87784262427044
303.0790903602334
303.28033809619643
303.4815858321594
303.68283356812236
303.8840813040853
304.0853290400483
304.28657677601126
304.4878245119742
304.6890722479372
304.89031998390016
305.0915677198631
305.2928154558261
305.49406319178905
305.6953109277521
305.89655866371504
306.097806399678
306.299054135641
306.50030187160394
306.7015496075669
306.90279734352987
307.10404507949283
307.3052928154558
307.50654055141877
307.70778828738173
307.9090360233447
308.1102837593077
308.3115314952707
308.51277923123365
308.7140269671966
308.9152747031596
309.11652243912255
309.3177701750855
309.5190179110485
309.72026564701144
309.9215133829744
310.1227611189374
310.3240088549004
310.52525659086336
310.72650432682633
310.9277520627893
311.12899979875226
311.3302475347152
311.5314952706782
311.73274300664116
311.9339907426041
312.1352384785671
312.33648621453005
312.537733950493
312.73898168645604
312.940229422419
313.141477158382
313.34272489434494
313.5439726303079
313.74522036627087
313.94646810223384
314.1477158381968
314.34896357415977
314.55021131012273
314.7514590460857
314.95270678204866
315.1539545180117
315.35520225397465
315.5564499899376
315.7576977259006
315.95894546186355
316.1601931978265
316.3614409337895
316.56268866975245
316.7639364057154
316.9651841416784
317.16643187764134
317.3676796136043
317.56892734956733
317.7701750855303
317.97142282149326
318.17267055745623
318.3739182934192
318.57516602938216
318.7764137653451
318.9776615013081
319.17890923727106
319.380156973234
319.581404709197
319.78265244515995
319.983900181123
320.18514791708594
320.3863956530489
320.5876433890119
320.78889112497484
320.9901388609378
321.19138659690077
321.39263433286374
321.5938820688267
321.79512980478967
321.99637754075263
322.1976252767156
322.3988730126786
322.6001207486416
322.80136848460455
323.0026162205675
323.2038639565305
323.40511169249345
323.6063594284564
323.8076071644194
324.00885490038235
324.2101026363453
324.4113503723083
324.61259810827124
324.81384584423427
325.01509358019723
325.2163413161602
325.41758905212316
325.6188367880861
325.8200845240491
326.02133226001206
326.222579995975
326.423827731938
326.62507546790096
326.8263232038639
327.0275709398269
327.2288186757899
327.4300664117529
327.63131414771584
327.8325618836788
328.0338096196418
328.23505735560474
328.4363050915677
328.63755282753067
328.83880056349363
329.0400482994566
329.24129603541957
329.44254377138253
329.64379150734555
329.8450392433085
330.0462869792715
330.24753471523445
330.4487824511974
330.6500301871604
330.85127792312335
331.0525256590863
331.2537733950493
331.45502113101224
331.6562688669752
331.8575166029382
332.0587643389012
332.26001207486416
332.46125981082713
332.6625075467901
332.86375528275306
333.065003018716
333.266250754679
333.46749849064196
333.6687462266049
333.8699939625679
334.07124169853086
334.2724894344938
334.47373717045684
334.6749849064198
334.8762326423828
335.07748037834574
335.2787281143087
335.47997585027167
335.68122358623464
335.8824713221976
336.08371905816057
336.28496679412353
336.4862145300865
336.6874622660495
336.8887100020125
337.08995773797545
337.2912054739384
337.4924532099014
337.69370094586435
337.8949486818273
338.0961964177903
338.29744415375325
338.4986918897162
338.6999396256792
338.90118736164214
339.10243509760517
339.30368283356813
339.5049305695311
339.70617830549406
339.90742604145703
340.10867377742
340.30992151338296
340.5111692493459
340.7124169853089
340.91366472127186
341.1149124572348
341.3161601931978
341.5174079291608
341.7186556651238
341.91990340108674
342.1211511370497
342.3223988730127
342.52364660897564
342.7248943449386
342.92614208090157
343.12738981686454
343.3286375528275
343.52988528879047
343.73113302475343
343.93238076071646
344.1336284966794
344.3348762326424
344.53612396860535
344.7373717045683
344.9386194405313
345.13986717649425
345.3411149124572
345.5423626484202
345.74361038438315
345.9448581203461
346.1461058563091
346.3473535922721
346.54860132823507
346.74984906419803
346.951096800161
347.15234453612396
347.3535922720869
347.5548400080499
347.75608774401286
347.9573354799758
348.1585832159388
348.35983095190176
348.5610786878647
348.76232642382774
348.9635741597907
349.1648218957537
349.36606963171664
349.5673173676796
349.7685651036426
349.96981283960554
350.1710605755685
350.37230831153147
350.57355604749444
350.7748037834574
350.97605151942037
351.1772992553834
351.37854699134635
351.5797947273093
351.7810424632723
351.98229019923525
352.1835379351982
352.3847856711612
352.58603340712415
352.7872811430871
352.9885288790501
353.18977661501305
353.391024350976
353.59227208693903
353.793519822902
353.99476755886496
354.19601529482793
354.3972630307909
354.59851076675386
354.7997585027168
355.0010062386798
355.20225397464276
355.4035017106057
355.6047494465687
355.80599718253166
356.0072449184947
356.20849265445764
356.4097403904206
356.6109881263836
356.81223586234654
357.0134835983095
357.21473133427247
357.41597907023544
357.6172268061984
357.81847454216137
358.01972227812433
358.2209700140873
358.4222177500503
358.6234654860133
358.82471322197625
359.0259609579392
359.2272086939022
359.42845642986515
359.6297041658281
359.8309519017911
360.03219963775405
360.233447373717
360.43469510968
360.63594284564294
360.83719058160597
361.03843831756893
361.2396860535319
361.44093378949486
361.64218152545783
361.8434292614208
362.04467699738376
362.2459247333467
362.4471724693097
362.64842020527266
362.8496679412356
363.05091567719865
363.2521634131616
363.4534111491246
363.65465888508754
363.8559066210505
364.0571543570135
364.25840209297644
364.4596498289394
364.66089756490237
364.86214530086534
365.0633930368283
365.26464077279127
365.4658885087543
365.66713624471726
365.8683839806802
366.0696317166432
366.27087945260615
366.4721271885691
366.6733749245321
366.87462266049505
367.075870396458
367.277118132421
367.47836586838395
367.6796136043469
367.88086134030993
368.0821090762729
368.28335681223587
368.48460454819883
368.6858522841618
368.88710002012476
369.0883477560877
369.2895954920507
369.49084322801366
369.6920909639766
369.8933386999396
370.09458643590256
370.2958341718656
370.49708190782854
370.6983296437915
370.8995773797545
371.10082511571744
371.3020728516804
371.5033205876434
371.70456832360634
371.9058160595693
372.10706379553227
372.30831153149524
372.5095592674582
372.7108070034212
372.9120547393842
373.11330247534715
373.3145502113101
373.5157979472731
373.71704568323605
373.918293419199
374.119541155162
374.32078889112495
374.5220366270879
374.7232843630509
374.92453209901385
375.12577983497687
375.32702757093983
375.5282753069028
375.72952304286576
375.93077077882873
376.1320185147917
376.33326625075466
376.5345139867176
376.7357617226806
376.93700945864356
377.1382571946065
377.3395049305695
377.5407526665325
377.7420004024955
377.94324813845844
378.1444958744214
378.3457436103844
378.54699134634734
378.7482390823103
378.9494868182733
379.15073455423624
379.3519822901992
379.55323002616217
379.75447776212513
379.95572549808816
380.1569732340511
380.3582209700141
380.55946870597705
380.76071644194
380.961964177903
381.16321191386595
381.3644596498289
381.5657073857919
381.76695512175485
381.9682028577178
382.1694505936808
382.3706983296438
382.57194606560677
382.77319380156973
382.9744415375327
383.17568927349566
383.37693700945863
383.5781847454216
383.77943248138456
383.9806802173475
384.1819279533105
384.38317568927346
384.5844234252364
384.78567116119945
384.9869188971624
385.1881666331254
385.38941436908834
385.5906621050513
385.7919098410143
385.99315757697724
386.1944053129402
386.39565304890317
386.59690078486614
386.7981485208291
386.9993962567921
387.2006439927551
387.40189172871806
387.603139464681
387.804387200644
388.00563493660695
388.2068826725699
388.4081304085329
388.60937814449585
388.8106258804588
389.0118736164218
389.21312135238475
389.41436908834777
389.61561682431073
389.8168645602737
390.01811229623667
390.21936003219963
390.4206077681626
390.62185550412556
390.8231032400885
391.0243509760515
391.22559871201446
391.4268464479774
391.6280941839404
391.8293419199034
392.0305896558664
392.23183739182934
392.4330851277923
392.6343328637553
392.83558059971824
393.0368283356812
393.2380760716442
393.43932380760714
393.6405715435701
393.84181927953307
394.04306701549604
394.24431475145906
394.445562487422
394.646810223385
394.84805795934795
395.0493056953109
395.2505534312739
395.45180116723685
395.6530489031998
395.8542966391628
396.05554437512575
396.2567921110887
396.4580398470517
396.6592875830147
396.86053531897767
397.06178305494063
397.2630307909036
397.46427852686656
397.66552626282953
397.8667739987925
398.06802173475546
398.2692694707184
398.4705172066814
398.67176494264436
398.8730126786073
399.07426041457035
399.2755081505333
399.4767558864963
399.67800362245924
399.8792513584222
400.0804990943852
400.28174683034814
400.4829945663111
400.6842423022741
400.88549003823704
401.0867377742
401.28798551016297
401.489233246126
401.69048098208896
401.8917287180519
402.0929764540149
402.29422418997785
402.4954719259408
402.6967196619038
402.89796739786675
403.0992151338297
403.3004628697927
403.50171060575565
403.7029583417186
403.90420607768164
404.1054538136446
404.30670154960757
404.50794928557053
404.7091970215335
404.91044475749646
405.11169249345943
405.3129402294224
405.51418796538536
405.7154357013483
405.9166834373113
406.11793117327426
406.3191789092373
406.52042664520025
406.7216743811632
406.9229221171262
407.12416985308914
407.3254175890521
407.5266653250151
407.72791306097804
407.929160796941
408.13040853290397
408.33165626886694
408.5329040048299
408.7341517407929
408.9353994767559
409.13664721271886
409.3378949486818
409.5391426846448
409.74039042060775
409.9416381565707
410.1428858925337
410.34413362849665
410.5453813644596
410.7466291004226
410.94787683638555
411.14912457234857
411.35037230831153
411.5516200442745
411.75286778023747
411.95411551620043
412.1553632521634
412.35661098812636
412.55785872408933
412.7591064600523
412.96035419601526
413.1616019319782
413.36284966794125
413.5640974039042
413.7653451398672
413.96659287583014
414.1678406117931
414.3690883477561
414.57033608371904
414.771583819682
414.972831555645
415.17407929160794
415.3753270275709
415.57657476353387
415.7778224994969
415.97907023545986
416.1803179714228
416.3815657073858
416.58281344334875
416.7840611793117
416.9853089152747
417.18655665123765
417.3878043872006
417.5890521231636
417.79029985912655
417.9915475950895
418.19279533105254
418.3940430670155
418.59529080297847
418.79653853894143
418.9977862749044
419.19903401086736
419.40028174683033
419.6015294827933
419.80277721875626
420.0040249547192
420.2052726906822
420.40652042664516
420.6077681626082
420.80901589857115
421.0102636345341
421.2115113704971
421.41275910646004
421.614006842423
421.815254578386
422.01650231434894
422.2177500503119
422.4189977862749
422.62024552223784
422.8214932582008
423.0227409941638
423.2239887301268
423.42523646608976
423.6264842020527
423.8277319380157
424.02897967397865
424.2302274099416
424.4314751459046
424.63272288186755
424.8339706178305
425.0352183537935
425.23646608975645
425.43771382571947
425.63896156168244
425.8402092976454
426.04145703360837
426.24270476957133
426.4439525055343
426.64520024149726
426.84644797746023
427.0476957134232
427.24894344938616
427.4501911853491
427.6514389213121
427.8526866572751
428.0539343932381
428.25518212920105
428.456429865164
428.657677601127
428.85892533708994
429.0601730730529
429.2614208090159
429.46266854497884
429.6639162809418
429.86516401690477
430.06641175286774
430.26765948883076
430.4689072247937
430.6701549607567
430.87140269671966
431.0726504326826
431.2738981686456
431.47514590460855
431.6763936405715
431.8776413765345
432.07888911249745
432.2801368484604
432.4813845844234
432.6826323203864
432.88388005634937
433.08512779231233
433.2863755282753
433.48762326423827
433.68887100020123
433.8901187361642
434.09136647212716
434.29261420809013
434.4938619440531
434.69510968001606
434.896357415979
435.09760515194205
435.298852887905
435.500100623868
435.70134835983094
435.9025960957939
436.1038438317569
436.30509156771984
436.5063393036828
436.7075870396458
436.90883477560874
437.1100825115717
437.31133024753467
437.5125779834977
437.71382571946066
437.9150734554236
438.1163211913866
438.31756892734955
438.5188166633125
438.7200643992755
438.92131213523845
439.1225598712014
439.3238076071644
439.52505534312735
439.72630307909037
439.92755081505334
440.1287985510163
440.33004628697927
440.53129402294223
440.7325417589052
440.93378949486817
441.13503723083113
441.3362849667941
441.53753270275706
441.73878043872
441.940028174683
442.141275910646
442.342523646609
442.54377138257195
442.7450191185349
442.9462668544979
443.14751459046084
443.3487623264238
443.5500100623868
443.75125779834974
443.9525055343127
444.1537532702757
444.35500100623864
444.55624874220166
444.7574964781646
444.9587442141276
445.15999195009056
445.3612396860535
445.5624874220165
445.76373515797945
445.9649828939424
446.1662306299054
446.36747836586835
446.5687261018313
446.7699738377943
446.9712215737573
447.17246930972027
447.37371704568324
447.5749647816462
447.77621251760917
447.97746025357213
448.1787079895351
448.37995572549806
448.58120346146103
448.782451197424
448.98369893338696
449.1849466693499
449.38619440531295
449.5874421412759
449.7886898772389
449.98993761320185
450.1911853491648
450.3924330851278
450.59368082109074
450.7949285570537
450.9961762930167
451.19742402897964
451.3986717649426
451.59991950090557
451.8011672368686
452.00241497283156
452.2036627087945
452.4049104447575
452.60615818072046
452.8074059166834
453.0086536526464
453.20990138860935
453.4111491245723
453.6123968605353
453.81364459649825
454.0148923324612
454.21614006842424
454.4173878043872
454.61863554035017
454.81988327631313
455.0211310122761
455.22237874823907
455.42362648420203
455.624874220165
455.82612195612796
456.02736969209093
456.2286174280539
456.42986516401686
456.6311128999799
456.83236063594285
457.0336083719058
457.2348561078688
457.43610384383175
457.6373515797947
457.8385993157577
458.03984705172064
458.2410947876836
458.4423425236466
458.64359025960954
458.8448379955725
459.0460857315355
459.2473334674985
459.44858120346146
459.6498289394244
459.8510766753874
460.05232441135036
460.2535721473133
460.4548198832763
460.65606761923925
460.8573153552022
461.0585630911652
461.25981082712815
461.46105856309117
461.66230629905414
461.8635540350171
462.06480177098007
462.26604950694303
462.467297242906
462.66854497886897
462.86979271483193
463.0710404507949
463.27228818675786
463.4735359227208
463.67478365868385
463.8760313946468
464.0772791306098
464.27852686657275
464.4797746025357
464.6810223384987
464.88227007446164
465.0835178104246
465.2847655463876
465.48601328235054
465.6872610183135
465.8885087542765
466.0897564902395
466.29100422620246
466.4922519621654
466.6934996981284
466.89474743409136
467.0959951700543
467.2972429060173
467.49849064198025
467.6997383779432
467.9009861139062
468.10223384986915
468.3034815858321
468.50472932179514
468.7059770577581
468.90722479372107
469.10847252968404
469.309720265647
469.51096800160997
469.71221573757293
469.9134634735359
470.11471120949886
470.31595894546183
470.5172066814248
470.71845441738776
470.9197021533508
471.12094988931375
471.3221976252767
471.5234453612397
471.72469309720265
471.9259408331656
472.1271885691286
472.32843630509154
472.5296840410545
472.7309317770175
472.93217951298044
473.1334272489434
473.3346749849064
473.5359227208694
473.73717045683236
473.9384181927953
474.1396659287583
474.34091366472126
474.5421614006842
474.7434091366472
474.94465687261015
475.1459046085731
475.3471523445361
475.54840008049905
475.7496478164621
475.95089555242504
476.152143288388
476.35339102435097
476.55463876031394
476.7558864962769
476.95713423223987
477.15838196820283
477.3596297041658
477.56087744012876
477.76212517609173
477.9633729120547
478.1646206480177
478.3658683839807
478.56711611994365
478.7683638559066
478.9696115918696
479.17085932783255
479.3721070637955
479.5733547997585
479.77460253572144
479.9758502716844
480.1770980076474
480.37834574361034
480.57959347957336
480.7808412155363
480.9820889514993
481.18333668746226
481.3845844234252
481.5858321593882
481.78707989535116
481.9883276313141
482.1895753672771
482.39082310324005
482.592070839203
482.793318575166
482.994566311129
483.195814047092
483.39706178305494
483.5983095190179
483.79955725498087
484.00080499094383
484.2020527269068
484.40330046286977
484.60454819883273
484.8057959347957
485.00704367075866
485.2082914067216
485.40953914268465
485.6107868786476
485.8120346146106
486.01328235057355
486.2145300865365
486.4157778224995
486.61702555846244
486.8182732944254
487.0195210303884
487.22076876635134
487.4220165023143
487.6232642382773
487.8245119742403
488.02575971020326
488.2270074461662
488.4282551821292
488.62950291809216
488.8307506540551
489.0319983900181
489.23324612598105
489.434493861944
489.635741597907
489.83698933386995
490.038237069833
490.23948480579594
490.4407325417589
490.64198027772187
490.84322801368484
491.0444757496478
491.24572348561077
491.44697122157373
491.6482189575367
491.84946669349966
492.05071442946263
492.2519621654256
492.4532099013886
492.6544576373516
492.85570537331455
493.0569531092775
493.2582008452405
493.45944858120345
493.6606963171664
493.8619440531294
494.06319178909234
494.2644395250553
494.4656872610183
494.66693499698124
494.86818273294426
495.0694304689072
495.2706782048702
495.47192594083316
495.6731736767961
495.8744214127591
496.07566914872206
496.276916884685
496.478164620648
496.67941235661095
496.8806600925739
497.0819078285369
497.2831555644999
497.4844033004629
497.68565103642584
497.8868987723888
498.08814650835177
498.28939424431474
498.4906419802777
498.69188971624067
498.89313745220363
499.0943851881666
499.29563292412956
499.49688066009253
499.69812839605555
499.8993761320185
500.1006238679815
500.30187160394445
500.5031193399074
500.7043670758704
500.90561481183335
501.1068625477963
501.3081102837593
501.50935801972224
501.7106057556852
501.9118534916482
502.1131012276112
502.31434896357416
502.5155966995371
502.7168444355001
502.91809217146306
503.119339907426
503.320587643389
503.52183537935196
503.7230831153149
503.9243308512779
504.12557858724085
504.3268263232038
504.52807405916684
504.7293217951298
504.9305695310928
505.13181726705574
505.3330650030187
505.53431273898167
505.73556047494463
505.9368082109076
506.13805594687057
506.33930368283353
506.5405514187965
506.74179915475946
506.9430468907225
507.14429462668545
507.3455423626484
507.5467900986114
507.74803783457435
507.9492855705373
508.1505333065003
508.35178104246324
508.5530287784262
508.7542765143892
508.95552425035214
509.1567719863151
509.35801972227813
509.5592674582411
509.76051519420406
509.961762930167
510.16301066613
510.36425840209296
510.5655061380559
510.7667538740189
510.96800160998185
511.1692493459448
511.3704970819078
511.57174481787075
511.7729925538338
511.97424028979674
512.1754880257597
512.3767357617227
512.5779834976856
512.7792312336486
512.9804789696116
513.1817267055745
513.3829744415375
513.5842221775005
513.7854699134634
513.9867176494264
514.1879653853894
514.3892131213523
514.5904608573153
514.7917085932783
514.9929563292412
515.1942040652043
515.3954518011673
515.5966995371302
515.7979472730932
515.9991950090562
516.2004427450191
516.4016904809821
516.6029382169451
516.804185952908
517.005433688871
517.206681424834
517.4079291607969
517.6091768967599
517.8104246327229
518.0116723686858
518.2129201046488
518.4141678406118
518.6154155765747
518.8166633125377
519.0179110485007
519.2191587844636
519.4204065204266
519.6216542563895
519.8229019923525
520.0241497283156
520.2253974642786
520.4266452002415
520.6278929362045
520.8291406721675
521.0303884081304
521.2316361440934
521.4328838800564
521.6341316160193
521.8353793519823
522.0366270879452
522.2378748239082
522.4391225598712
522.6403702958341
522.8416180317971
523.0428657677601
523.244113503723
523.445361239686
523.646608975649
523.8478567116119
524.0491044475749
524.2503521835379
524.4515999195008
524.6528476554638
524.8540953914269
525.0553431273898
525.2565908633528
525.4578385993158
525.6590863352787
525.8603340712417
526.0615818072047
526.2628295431676
526.4640772791306
526.6653250150936
526.8665727510565
527.0678204870195
527.2690682229825
527.4703159589454
527.6715636949084
527.8728114308714
528.0740591668343
528.2753069027973
528.4765546387603
528.6778023747232
528.8790501106862
529.0802978466492
529.2815455826121
529.4827933185751
529.6840410545382
529.8852887905011
530.0865365264641
530.2877842624271
530.48903199839
530.690279734353
530.891527470316
531.0927752062789
531.2940229422419
531.4952706782049
531.6965184141678
531.8977661501308
532.0990138860938
532.3002616220567
532.5015093580197
532.7027570939827
532.9040048299456
533.1052525659086
533.3065003018716
533.5077480378345
533.7089957737975
533.9102435097604
534.1114912457234
534.3127389816864
534.5139867176495
534.7152344536124
534.9164821895754
535.1177299255384
535.3189776615013
535.5202253974643
535.7214731334273
535.9227208693902
536.1239686053532
536.3252163413161
536.5264640772791
536.7277118132421
536.928959549205
537.130207285168
537.331455021131
537.532702757094
537.7339504930569
537.9351982290199
538.1364459649828
538.3376937009458
538.5389414369088
538.7401891728717
538.9414369088347
539.1426846447977
539.3439323807607
539.5451801167237
539.7464278526867
539.9476755886496
540.1489233246126
540.3501710605756
540.5514187965385
540.7526665325015
540.9539142684645
541.1551620044274
541.3564097403904
541.5576574763534
541.7589052123163
541.9601529482793
542.1614006842423
542.3626484202052
542.5638961561682
542.7651438921312
542.9663916280941
543.1676393640571
543.3688871000201
543.570134835983
543.771382571946
543.9726303079091
544.173878043872
544.375125779835
544.576373515798
544.7776212517609
544.9788689877239
545.1801167236869
545.3813644596498
545.5826121956128
545.7838599315758
545.9851076675387
546.1863554035017
546.3876031394647
546.5888508754276
546.7900986113906
546.9913463473536
547.1925940833165
547.3938418192795
547.5950895552425
547.7963372912054
547.9975850271684
548.1988327631313
548.4000804990943
548.6013282350573
548.8025759710204
549.0038237069833
549.2050714429463
549.4063191789093
549.6075669148722
549.8088146508352
550.0100623867982
550.2113101227611
550.4125578587241
550.613805594687
550.81505333065
551.016301066613
551.217548802576
551.4187965385389
551.6200442745019
551.8212920104648
552.0225397464278
552.2237874823908
552.4250352183537
552.6262829543167
552.8275306902797
553.0287784262426
553.2300261622056
553.4312738981686
553.6325216341316
553.8337693700946
554.0350171060576
554.2362648420205
554.4375125779835
554.6387603139465
554.8400080499094
555.0412557858724
555.2425035218354
555.4437512577983
555.6449989937613
555.8462467297243
556.0474944656872
556.2487422016502
556.4499899376132
556.6512376735761
556.8524854095391
557.0537331455021
557.254980881465
557.456228617428
557.657476353391
557.8587240893539
558.0599718253169
558.2612195612799
558.4624672972429
558.6637150332059
558.8649627691689
559.0662105051318
559.2674582410948
559.4687059770578
559.6699537130207
559.8712014489837
560.0724491849467
560.2736969209096
560.4749446568726
560.6761923928356
560.8774401287985
561.0786878647615
561.2799356007245
561.4811833366874
561.6824310726504
561.8836788086134
562.0849265445763
562.2861742805393
562.4874220165023
562.6886697524652
562.8899174884282
563.0911652243911
563.2924129603542
563.4936606963172
563.6949084322802
563.8961561682431
564.0974039042061
564.298651640169
564.499899376132
564.701147112095
564.902394848058
565.1036425840209
565.3048903199839
565.5061380559468
565.7073857919098
565.9086335278728
566.1098812638357
566.3111289997987
566.5123767357617
566.7136244717246
566.9148722076876
567.1161199436506
567.3173676796135
567.5186154155765
567.7198631515395
567.9211108875026
568.1223586234655
568.3236063594285
568.5248540953914
568.7261018313544
568.9273495673174
569.1285973032803
569.3298450392433
569.5310927752063
569.7323405111692
569.9335882471322
570.1348359830952
570.3360837190581
570.5373314550211
570.7385791909841
570.939826926947
571.14107466291
571.342322398873
571.5435701348359
571.7448178707989
571.9460656067619
572.1473133427248
572.3485610786878
572.5498088146508
572.7510565506138
572.9523042865768
573.1535520225398
573.3547997585027
573.5560474944657
573.7572952304287
573.9585429663916
574.1597907023546
574.3610384383176
574.5622861742805
574.7635339102435
574.9647816462065
575.1660293821694
575.3672771181324
575.5685248540954
575.7697725900583
575.9710203260213
576.1722680619843
576.3735157979472
576.5747635339102
576.7760112698732
576.9772590058361
577.1785067417991
577.379754477762
577.5810022137251
577.7822499496881
577.9834976856511
578.184745421614
578.385993157577
578.58724089354
578.7884886295029
578.9897363654659
579.1909841014289
579.3922318373918
579.5934795733548
579.7947273093178
579.9959750452807
580.1972227812437
580.3984705172066
580.5997182531696
580.8009659891326
581.0022137250955
581.2034614610585
581.4047091970215
581.6059569329844
581.8072046689474
582.0084524049104
582.2097001408733
582.4109478768364
582.6121956127994
582.8134433487623
583.0146910847253
583.2159388206883
583.4171865566512
583.6184342926142
583.8196820285772
584.0209297645401
584.2221775005031
584.4234252364661
584.624672972429
584.825920708392
585.027168444355
585.2284161803179
585.4296639162809
585.6309116522439
585.8321593882068
586.0334071241698
586.2346548601328
586.4359025960957
586.6371503320587
586.8383980680217
587.0396458039846
587.2408935399477
587.4421412759107
587.6433890118736
587.8446367478366
588.0458844837996
588.2471322197625
588.4483799557255
588.6496276916885
588.8508754276514
589.0521231636144
589.2533708995774
589.4546186355403
589.6558663715033
589.8571141074663
590.0583618434292
590.2596095793922
590.4608573153552
590.6621050513181
590.8633527872811
591.064600523244
591.265848259207
591.46709599517
591.668343731133
591.8695914670959
592.070839203059
592.272086939022
592.4733346749849
592.6745824109479
592.8758301469109
593.0770778828738
593.2783256188368
593.4795733547998
593.6808210907627
593.8820688267257
594.0833165626887
594.2845642986516
594.4858120346146
594.6870597705775
594.8883075065405
595.0895552425035
595.2908029784664
595.4920507144294
595.6932984503924
595.8945461863553
596.0957939223183
596.2970416582813
596.4982893942442
596.6995371302073
596.9007848661703
597.1020326021332
597.3032803380962
597.5045280740592
597.7057758100221
597.9070235459851
598.1082712819481
598.309519017911
598.510766753874
598.712014489837
598.9132622257999
599.1145099617629
599.3157576977259
599.5170054336888
599.7182531696518
599.9195009056148
600.1207486415777
600.3219963775407
600.5232441135037
600.7244918494666
600.9257395854296
601.1269873213926
601.3282350573555
601.5294827933186
601.7307305292816
601.9319782652445
602.1332260012075
602.3344737371705
602.5357214731334
602.7369692090964
602.9382169450594
603.1394646810223
603.3407124169853
603.5419601529483
603.7432078889112
603.9444556248742
604.1457033608372
604.3469510968001
604.5481988327631
604.7494465687261
604.950694304689
605.151942040652
605.353189776615
605.5544375125779
605.7556852485409
605.9569329845039
606.1581807204668
606.3594284564299
606.5606761923929
606.7619239283558
606.9631716643188
607.1644194002818
607.3656671362447
607.5669148722077
607.7681626081707
607.9694103441336
608.1706580800966
608.3719058160596
608.5731535520225
608.7744012879855
608.9756490239484
609.1768967599114
609.3781444958744
609.5793922318373
609.7806399678003
609.9818877037633
610.1831354397262
610.3843831756892
610.5856309116522
610.7868786476151
610.9881263835781
611.1893741195412
611.3906218555042
611.5918695914671
611.7931173274301
611.994365063393
612.195612799356
612.396860535319
612.598108271282
612.7993560072449
613.0006037432079
613.2018514791708
613.4030992151338
613.6043469510968
613.8055946870597
614.0068424230227
614.2080901589857
614.4093378949486
614.6105856309116
614.8118333668746
615.0130811028375
615.2143288388005
615.4155765747635
615.6168243107264
615.8180720466894
616.0193197826525
616.2205675186154
616.4218152545784
616.6230629905414
616.8243107265043
617.0255584624673
617.2268061984303
617.4280539343932
617.6293016703562
617.8305494063192
618.0317971422821
618.2330448782451
618.4342926142081
618.635540350171
618.836788086134
619.038035822097
619.2392835580599
619.4405312940229
619.6417790299859
619.8430267659488
620.0442745019118
620.2455222378748
620.4467699738377
620.6480177098008
620.8492654457638
621.0505131817267
621.2517609176897
621.4530086536527
621.6542563896156
621.8555041255786
622.0567518615416
622.2579995975045
622.4592473334675
622.6604950694305
622.8617428053934
623.0629905413564
623.2642382773194
623.4654860132823
623.6667337492453
623.8679814852082
624.0692292211712
624.2704769571342
624.4717246930971
624.6729724290601
624.8742201650231
625.075467900986
625.276715636949
625.4779633729121
625.679211108875
625.880458844838
626.081706580801
626.282954316764
626.4842020527269
626.6854497886899
626.8866975246528
627.0879452606158
627.2891929965788
627.4904407325417
627.6916884685047
627.8929362044677
628.0941839404306
628.2954316763936
628.4966794123566
628.6979271483195
628.8991748842825
629.1004226202455
629.3016703562084
629.5029180921714
629.7041658281344
629.9054135640973
630.1066613000603
630.3079090360234
630.5091567719863
630.7104045079493
630.9116522439123
631.1128999798752
631.3141477158382
631.5153954518012
631.7166431877641
631.9178909237271
632.1191386596901
632.320386395653
632.521634131616
632.722881867579
632.9241296035419
633.1253773395049
633.3266250754679
633.5278728114308
633.7291205473938
633.9303682833568
634.1316160193197
634.3328637552827
634.5341114912457
634.7353592272086
634.9366069631716
635.1378546991347
635.3391024350976
635.5403501710606
635.7415979070236
635.9428456429865
636.1440933789495
636.3453411149125
636.5465888508754
636.7478365868384
636.9490843228014
637.1503320587643
637.3515797947273
637.5528275306903
637.7540752666532
637.9553230026162
638.1565707385791
638.3578184745421
638.5590662105051
638.760313946468
638.961561682431
639.162809418394
639.3640571543569
639.5653048903199
639.7665526262829
639.967800362246
640.1690480982089
640.3702958341719
640.5715435701348
640.7727913060978
640.9740390420608
641.1752867780237
641.3765345139867
641.5777822499497
641.7790299859126
641.9802777218756
642.1815254578386
642.3827731938015
642.5840209297645
642.7852686657275
642.9865164016904
643.1877641376534
643.3890118736164
643.5902596095793
643.7915073455423
643.9927550815053
644.1940028174682
644.3952505534312
644.5964982893943
644.7977460253572
644.9989937613202
645.2002414972832
645.4014892332461
645.6027369692091
645.8039847051721
646.005232441135
646.206480177098
646.407727913061
646.6089756490239
646.8102233849869
647.0114711209499
647.2127188569128
647.4139665928758
647.6152143288388
647.8164620648017
648.0177098007647
648.2189575367277
648.4202052726906
648.6214530086536
648.8227007446166
649.0239484805795
649.2251962165425
649.4264439525056
649.6276916884685
649.8289394244315
650.0301871603945
650.2314348963574
650.4326826323204
650.6339303682834
650.8351781042463
651.0364258402093
651.2376735761723
651.4389213121352
651.6401690480982
651.8414167840612
652.0426645200241
652.2439122559871
652.44515999195
652.646407727913
652.847655463876
653.048903199839
653.2501509358019
653.4513986717649
653.6526464077278
653.8538941436908
654.0551418796538
654.2563896156169
654.4576373515798
654.6588850875428
654.8601328235058
655.0613805594687
655.2626282954317
655.4638760313946
655.6651237673576
655.8663715033206
656.0676192392835
656.2688669752465
656.4701147112095
656.6713624471724
656.8726101831354
657.0738579190984
657.2751056550613
657.4763533910243
657.6776011269873
657.8788488629502
658.0800965989132
658.2813443348762
658.4825920708391
658.6838398068021
658.8850875427651
659.0863352787281
659.2875830146911
659.4888307506541
659.690078486617
659.89132622258
660.092573958543
660.2938216945059
660.4950694304689
660.6963171664319
660.8975649023948
661.0988126383578
661.3000603743208
661.5013081102837
661.7025558462467
661.9038035822097
662.1050513181726
662.3062990541356
662.5075467900986
662.7087945260615
662.9100422620245
663.1112899979875
663.3125377339504
663.5137854699134
663.7150332058764
663.9162809418394
664.1175286778024
664.3187764137654
664.5200241497283
664.7212718856913
664.9225196216543
665.1237673576172
665.3250150935802
665.5262628295432
665.7275105655061
665.9287583014691
666.130006037432
666.331253773395
666.532501509358
666.733749245321
666.9349969812839
667.1362447172469
667.3374924532098
667.5387401891728
667.7399879251358
667.9412356610987
668.1424833970617
668.3437311330247
668.5449788689876
668.7462266049507
668.9474743409137
669.1487220768767
669.3499698128396
669.5512175488026
669.7524652847655
669.9537130207285
670.1549607566915
670.3562084926544
670.5574562286174
670.7587039645804
670.9599517005433
671.1611994365063
671.3624471724693
671.5636949084322
671.7649426443952
671.9661903803582
672.1674381163211
672.3686858522841
672.5699335882471
672.77118132421
672.972429060173
673.173676796136
673.374924532099
673.576172268062
673.777420004025
673.9786677399879
674.1799154759509
674.3811632119139
674.5824109478768
674.7836586838398
674.9849064198028
675.1861541557657
675.3874018917287
675.5886496276917
675.7898973636546
675.9911450996176
676.1923928355806
676.3936405715435
676.5948883075065
676.7961360434695
676.9973837794324
677.1986315153954
677.3998792513584
677.6011269873213
677.8023747232843
678.0036224592473
678.2048701952103
678.4061179311733
678.6073656671363
678.8086134030992
679.0098611390622
679.2111088750252
679.4123566109881
679.6136043469511
679.8148520829141
680.016099818877
680.21734755484
680.418595290803
680.6198430267659
680.8210907627289
681.0223384986919
681.2235862346548
681.4248339706178
681.6260817065807
681.8273294425437
682.0285771785067
682.2298249144696
682.4310726504326
682.6323203863956
682.8335681223585
683.0348158583216
683.2360635942846
683.4373113302476
683.6385590662105
683.8398068021735
684.0410545381364
684.2423022740994
684.4435500100624
684.6447977460253
684.8460454819883
685.0472932179513
685.2485409539142
685.4497886898772
685.6510364258402
685.8522841618031
686.0535318977661
686.2547796337291
686.456027369692
686.657275105655
686.858522841618
687.0597705775809
687.2610183135439
687.4622660495069
687.6635137854698
687.8647615214329
688.0660092573959
688.2672569933588
688.4685047293218
688.6697524652848
688.8710002012477
689.0722479372107
689.2734956731737
689.4747434091366
689.6759911450996
689.8772388810626
690.0784866170255
690.2797343529885
690.4809820889515
690.6822298249144
690.8834775608774
691.0847252968404
691.2859730328033
691.4872207687663
691.6884685047293
691.8897162406922
692.0909639766552
692.2922117126182
692.4934594485811
692.6947071845442
692.8959549205072
693.0972026564701
693.2984503924331
693.4996981283961
693.700945864359
693.902193600322
694.103441336285
694.3046890722479
694.5059368082109
694.7071845441739
694.9084322801368
695.1096800160998
695.3109277520628
695.5121754880257
695.7134232239887
695.9146709599516
696.1159186959146
696.3171664318776
696.5184141678405
696.7196619038035
696.9209096397665
697.1221573757294
697.3234051116925
697.5246528476555
697.7259005836185
697.9271483195814
698.1283960555444
698.3296437915074
698.5308915274703
698.7321392634333
698.9333869993962
699.1346347353592
699.3358824713222
699.5371302072851
699.7383779432481
699.9396256792111
700.140873415174
700.342121151137
700.5433688871
700.7446166230629
700.9458643590259
701.1471120949889
701.3483598309518
701.5496075669148
701.7508553028778
701.9521030388407
702.1533507748038
702.3545985107668
702.5558462467297
702.7570939826927
702.9583417186557
703.1595894546186
703.3608371905816
703.5620849265446
703.7633326625075
703.9645803984705
704.1658281344335
704.3670758703964
704.5683236063594
704.7695713423224
704.9708190782853
705.1720668142483
705.3733145502113
705.5745622861742
705.7758100221372
705.9770577581002
706.1783054940631
706.3795532300261
706.580800965989
706.782048701952
706.9832964379151
707.1845441738781
707.385791909841
707.587039645804
707.788287381767
707.9895351177299
708.1907828536929
708.3920305896559
708.5932783256188
708.7945260615818
708.9957737975448
709.1970215335077
709.3982692694707
709.5995170054337
709.8007647413966
710.0020124773596
710.2032602133226
710.4045079492855
710.6057556852485
710.8070034212114
711.0082511571744
711.2094988931374
711.4107466291003
711.6119943650633
711.8132421010264
712.0144898369894
712.2157375729523
712.4169853089153
712.6182330448783
712.8194807808412
713.0207285168042
713.2219762527671
713.4232239887301
713.6244717246931
713.825719460656
714.026967196619
714.228214932582
714.4294626685449
714.6307104045079
714.8319581404709
715.0332058764338
715.2344536123968
715.4357013483598
715.6369490843227
715.8381968202857
716.0394445562487
716.2406922922116
716.4419400281746
716.6431877641377
716.8444355001006
717.0456832360636
717.2469309720266
717.4481787079895
717.6494264439525
717.8506741799155
718.0519219158784
718.2531696518414
718.4544173878044
718.6556651237673
718.8569128597303
719.0581605956933
719.2594083316562
719.4606560676192
719.6619038035822
719.8631515395451
720.0643992755081
720.2656470114711
720.466894747434
720.668142483397
720.86939021936
721.0706379553229
721.2718856912859
721.473133427249
721.6743811632119
721.8756288991749
722.0768766351379
722.2781243711008
722.4793721070638
722.6806198430268
722.8818675789897
723.0831153149527
723.2843630509157
723.4856107868786
723.6868585228416
723.8881062588046
724.0893539947675
724.2906017307305
724.4918494666935
724.6930972026564
724.8943449386194
725.0955926745823
725.2968404105453
725.4980881465083
725.6993358824712
725.9005836184342
726.1018313543973
726.3030790903603
726.5043268263232
726.7055745622862
726.9068222982492
727.1080700342121
727.3093177701751
727.510565506138
727.711813242101
727.913060978064
728.114308714027
728.3155564499899
728.5168041859529
728.7180519219158
728.9192996578788
729.1205473938418
729.3217951298047
729.5230428657677
729.7242906017307
729.9255383376936
730.1267860736566
730.3280338096196
730.5292815455825
730.7305292815455
730.9317770175086
731.1330247534715
731.3342724894345
731.5355202253975
731.7367679613604
731.9380156973234
732.1392634332864
732.3405111692493
732.5417589052123
732.7430066411753
732.9442543771382
733.1455021131012
733.3467498490642
733.5479975850271
733.7492453209901
733.9504930569531
734.151740792916
734.352988528879
734.554236264842
734.7554840008049
734.9567317367679
735.1579794727309
735.3592272086938
735.5604749446568
735.7617226806199
735.9629704165828
736.1642181525458
736.3654658885088
736.5667136244717
736.7679613604347
736.9692090963977
737.1704568323606
737.3717045683236
737.5729523042866
737.7742000402495
737.9754477762125
738.1766955121755
738.3779432481384
738.5791909841014
738.7804387200644
738.9816864560273
739.1829341919903
739.3841819279533
739.5854296639162
739.7866773998792
739.9879251358421
740.1891728718051
740.3904206077681
740.5916683437312
740.7929160796941
740.9941638156571
741.19541155162
741.396659287583
741.597907023546
741.799154759509
742.0004024954719
742.2016502314349
742.4028979673978
742.6041457033608
742.8053934393238
743.0066411752867
743.2078889112497
743.4091366472127
743.6103843831756
743.8116321191386
744.0128798551016
744.2141275910645
744.4153753270275
744.6166230629905
744.8178707989534
745.0191185349164
745.2203662708794
745.4216140068424
745.6228617428054
745.8241094787684
746.0253572147313
746.2266049506943
746.4278526866573
746.6291004226202
746.8303481585832
747.0315958945462
747.2328436305091
747.4340913664721
747.6353391024351
747.836586838398
748.037834574361
748.239082310324
748.4403300462869
748.6415777822499
748.8428255182129
749.0440732541758
749.2453209901388
749.4465687261018
749.6478164620647
749.8490641980277
750.0503119339908
750.2515596699537
750.4528074059167
750.6540551418797
750.8553028778426
751.0565506138056
751.2577983497686
751.4590460857315
751.6602938216945
751.8615415576575
752.0627892936204
752.2640370295834
752.4652847655464
752.6665325015093
752.8677802374723
753.0690279734353
753.2702757093982
753.4715234453612
753.6727711813242
753.8740189172871
754.0752666532501
754.276514389213
754.477762125176
754.679009861139
754.8802575971021
755.081505333065
755.282753069028
755.484000804991
755.6852485409539
755.8864962769169
756.0877440128799
756.2889917488428
756.4902394848058
756.6914872207687
756.8927349567317
757.0939826926947
757.2952304286576
757.4964781646206
757.6977259005836
757.8989736365465
758.1002213725095
758.3014691084725
758.5027168444354
758.7039645803984
758.9052123163614
759.1064600523243
759.3077077882873
759.5089555242503
759.7102032602133
759.9114509961763
760.1126987321393
760.3139464681022
760.5151942040652
760.7164419400282
760.9176896759911
761.1189374119541
761.3201851479171
761.52143288388
761.722680619843
761.923928355806
762.1251760917689
762.3264238277319
762.5276715636949
762.7289192996578
762.9301670356208
763.1314147715838
763.3326625075467
763.5339102435097
763.7351579794727
763.9364057154356
764.1376534513986
764.3389011873616
764.5401489233246
764.7413966592876
764.9426443952506
765.1438921312135
765.3451398671765
765.5463876031395
765.7476353391024
765.9488830750654
766.1501308110284
766.3513785469913
766.5526262829543
766.7538740189173
766.9551217548802
767.1563694908432
767.3576172268062
767.5588649627691
767.7601126987321
767.961360434695
768.162608170658
768.363855906621
768.565103642584
768.7663513785469
768.9675991145099
769.1688468504728
769.3700945864359
769.5713423223989
769.7725900583619
769.9738377943248
770.1750855302878
770.3763332662508
770.5775810022137
770.7788287381767
770.9800764741397
771.1813242101026
771.3825719460656
771.5838196820285
771.7850674179915
771.9863151539545
772.1875628899174
772.3888106258804
772.5900583618434
772.7913060978063
772.9925538337693
773.1938015697323
773.3950493056952
773.5962970416582
773.7975447776212
773.9987925135842
774.2000402495472
774.4012879855102
774.6025357214731
774.8037834574361
775.0050311933991
775.206278929362
775.407526665325
775.608774401288
775.8100221372509
776.0112698732139
776.2125176091769
776.4137653451398
776.6150130811028
776.8162608170658
777.0175085530287
777.2187562889917
777.4200040249547
777.6212517609176
777.8224994968806
778.0237472328436
778.2249949688065
778.4262427047695
778.6274904407325
778.8287381766955
779.0299859126585
779.2312336486215
779.4324813845844
779.6337291205474
779.8349768565104
780.0362245924733
780.2374723284363
780.4387200643993
780.6399678003622
780.8412155363252
781.0424632722882
781.2437110082511
781.4449587442141
781.646206480177
781.84745421614
782.048701952103
782.249949688066
782.4511974240289
782.6524451599919
782.8536928959549
783.0549406319178
783.2561883678808
783.4574361038437
783.6586838398068
783.8599315757698
784.0611793117328
784.2624270476957
784.4636747836587
784.6649225196217
784.8661702555846
785.0674179915476
785.2686657275106
785.4699134634735
785.6711611994365
785.8724089353994
786.0736566713624
786.2749044073254
786.4761521432883
786.6773998792513
786.8786476152143
787.0798953511772
787.2811430871402
787.4823908231032
787.6836385590661
787.8848862950291
788.0861340309921
788.287381766955
788.4886295029181
788.6898772388811
788.891124974844
789.092372710807
789.29362044677
789.494868182733
789.6961159186959
789.8973636546589
790.0986113906218
790.2998591265848
790.5011068625478
790.7023545985107
790.9036023344737
791.1048500704367
791.3060978063996
791.5073455423626
791.7085932783256
791.9098410142885
792.1110887502515
792.3123364862145
792.5135842221774
792.7148319581404
792.9160796941034
793.1173274300663
793.3185751660294
793.5198229019924
793.7210706379553
793.9223183739183
794.1235661098813
794.3248138458442
794.5260615818072
794.7273093177702
794.9285570537331
795.1298047896961
795.3310525256591
795.532300261622
795.733547997585
795.934795733548
796.1360434695109
796.3372912054739
796.5385389414369
796.7397866773998
796.9410344133628
797.1422821493258
797.3435298852887
797.5447776212517
797.7460253572146
797.9472730931776
798.1485208291407
798.3497685651037
798.5510163010666
798.7522640370296
798.9535117729926
799.1547595089555
799.3560072449185
799.5572549808815
799.7585027168444
799.9597504528074
800.1609981887703
800.3622459247333
800.5634936606963
800.7647413966592
800.9659891326222
801.1672368685852
801.3684846045481
801.5697323405111
801.7709800764741
801.972227812437
802.1734755484
802.374723284363
802.5759710203259
802.777218756289
802.978466492252
803.179714228215
803.3809619641779
803.5822097001409
803.7834574361038
803.9847051720668
804.1859529080298
804.3872006439927
804.5884483799557
804.7896961159187
804.9909438518816
805.1921915878446
805.3934393238076
805.5946870597705
805.7959347957335
805.9971825316965
806.1984302676594
806.3996780036224
806.6009257395854
806.8021734755483
807.0034212115113
807.2046689474743
807.4059166834372
807.6071644194003
807.8084121553633
808.0096598913262
808.2109076272892
808.4121553632522
808.6134030992151
808.8146508351781
809.0158985711411
809.217146307104
809.418394043067
809.61964177903
809.8208895149929
810.0221372509559
810.2233849869189
810.4246327228818
810.6258804588448
810.8271281948078
811.0283759307707
811.2296236667337
811.4308714026967
811.6321191386596
811.8333668746226
812.0346146105855
812.2358623465485
812.4371100825116
812.6383578184746
812.8396055544375
813.0408532904005
813.2421010263635
813.4433487623264
813.6445964982894
813.8458442342524
814.0470919702153
814.2483397061783
814.4495874421413
814.6508351781042
814.8520829140672
815.0533306500301
815.2545783859931
815.4558261219561
815.657073857919
815.858321593882
816.059569329845
816.2608170658079
816.4620648017709
816.6633125377339
816.8645602736968
817.0658080096598
817.2670557456229
817.4683034815858
817.6695512175488
817.8707989535118
818.0720466894747
818.2732944254377
818.4745421614007
818.6757898973636
818.8770376333266
819.0782853692896
819.2795331052525
819.4807808412155
819.6820285771785
819.8832763131414
820.0845240491044
820.2857717850674
820.4870195210303
820.6882672569933
820.8895149929563
821.0907627289192
821.2920104648822
821.4932582008452
821.6945059368081
821.8957536727711
822.0970014087342
822.2982491446971
822.4994968806601
822.7007446166231
822.901992352586
823.103240088549
823.304487824512
823.5057355604749
823.7069832964379
823.9082310324009
824.1094787683638
824.3107265043268
824.5119742402898
824.7132219762527
824.9144697122157
825.1157174481787
825.3169651841416
825.5182129201046
825.7194606560676
825.9207083920305
826.1219561279935
826.3232038639565
826.5244515999194
826.7256993358825
826.9269470718455
827.1281948078084
827.3294425437714
827.5306902797344
827.7319380156973
827.9331857516603
828.1344334876233
828.3356812235862
828.5369289595492
828.7381766955122
828.9394244314751
829.1406721674381
829.341919903401
829.543167639364
829.744415375327
829.94566311129
830.1469108472529
830.3481585832159
830.5494063191788
830.7506540551418
830.9519017911048
831.1531495270677
831.3543972630307
831.5556449989938
831.7568927349568
831.9581404709197
832.1593882068827
832.3606359428456
832.5618836788086
832.7631314147716
832.9643791507345
833.1656268866975
833.3668746226605
833.5681223586234
833.7693700945864
833.9706178305494
834.1718655665123
834.3731133024753
834.5743610384383
834.7756087744012
834.9768565103642
835.1781042463272
835.3793519822901
835.5805997182531
835.7818474542161
835.983095190179
836.184342926142
836.3855906621051
836.586838398068
836.788086134031
836.989333869994
837.1905816059569
837.3918293419199
837.5930770778829
837.7943248138458
837.9955725498088
838.1968202857718
838.3980680217347
838.5993157576977
838.8005634936607
839.0018112296236
839.2030589655866
839.4043067015496
839.6055544375125
839.8068021734755
840.0080499094385
840.2092976454014
840.4105453813644
840.6117931173274
840.8130408532903
841.0142885892533
841.2155363252164
841.4167840611793
841.6180317971423
841.8192795331053
842.0205272690682
842.2217750050312
842.4230227409942
842.6242704769571
842.8255182129201
843.026765948883
843.228013684846
843.429261420809
843.630509156772
843.8317568927349
844.0330046286979
844.2342523646608
844.4355001006238
844.6367478365868
844.8379955725497
845.0392433085127
845.2404910444757
845.4417387804386
845.6429865164016
845.8442342523646
846.0454819883277
846.2467297242906
846.4479774602536
846.6492251962165
846.8504729321795
847.0517206681425
847.2529684041054
847.4542161400684
847.6554638760314
847.8567116119943
848.0579593479573
848.2592070839203
848.4604548198832
848.6617025558462
848.8629502918092
849.0641980277721
849.2654457637351
849.4666934996981
849.667941235661
849.869188971624
850.070436707587
850.2716844435499
850.4729321795129
850.674179915476
850.8754276514389
851.0766753874019
851.2779231233649
851.4791708593278
851.6804185952908
851.8816663312538
852.0829140672167
852.2841618031797
852.4854095391427
852.6866572751056
852.8879050110686
853.0891527470316
853.2904004829945
853.4916482189575
853.6928959549205
853.8941436908834
854.0953914268464
854.2966391628094
854.4978868987723
854.6991346347353
854.9003823706983
855.1016301066612
855.3028778426242
855.5041255785873
855.7053733145502
855.9066210505132
856.1078687864762
856.3091165224391
856.5103642584021
856.7116119943651
856.912859730328
857.114107466291
857.315355202254
857.5166029382169
857.7178506741799
857.9190984101429
858.1203461461058
858.3215938820688
858.5228416180317
858.7240893539947
858.9253370899577
859.1265848259206
859.3278325618836
859.5290802978466
859.7303280338095
859.9315757697725
860.1328235057355
860.3340712416986
860.5353189776615
860.7365667136245
860.9378144495874
861.1390621855504
861.3403099215134
861.5415576574763
861.7428053934393
861.9440531294023
862.1453008653652
862.3465486013282
862.5477963372912
862.7490440732541
862.9502918092171
863.1515395451801
863.352787281143
863.554035017106
863.755282753069
863.9565304890319
864.1577782249949
864.3590259609579
864.5602736969208
864.7615214328838
864.9627691688468
865.1640169048098
865.3652646407728
865.5665123767358
865.7677601126987
865.9690078486617
866.1702555846247
866.3715033205876
866.5727510565506
866.7739987925136
866.9752465284765
867.1764942644395
867.3777420004025
867.5789897363654
867.7802374723284
867.9814852082914
868.1827329442543
868.3839806802173
868.5852284161803
868.7864761521432
868.9877238881062
869.1889716240692
869.3902193600321
869.5914670959951
869.792714831958
869.9939625679211
870.1952103038841
870.3964580398471
870.59770577581
870.798953511773
871.000201247736
871.2014489836989
871.4026967196619
871.6039444556249
871.8051921915878
872.0064399275508
872.2076876635138
872.4089353994767
872.6101831354397
872.8114308714026
873.0126786073656
873.2139263433286
873.4151740792915
873.6164218152545
873.8176695512175
874.0189172871804
874.2201650231434
874.4214127591064
874.6226604950693
874.8239082310324
875.0251559669954
875.2264037029584
875.4276514389213
875.6288991748843
875.8301469108472
876.0313946468102
876.2326423827732
876.4338901187361
876.6351378546991
876.8363855906621
877.037633326625
877.238881062588
877.440128798551
877.6413765345139
877.8426242704769
878.0438720064399
878.2451197424028
878.4463674783658
878.6476152143288
878.8488629502917
879.0501106862547
879.2513584222177
879.4526061581807
879.6538538941437
879.8551016301067
880.0563493660696
880.2575971020326
880.4588448379956
880.6600925739585
880.8613403099215
881.0625880458845
881.2638357818474
881.4650835178104
881.6663312537734
881.8675789897363
882.0688267256993
882.2700744616623
882.4713221976252
882.6725699335882
882.8738176695512
883.0750654055141
883.2763131414771
883.47756087744
883.678808613403
883.880056349366
884.081304085329
884.282551821292
884.483799557255
884.685047293218
884.8862950291809
885.0875427651439
885.2887905011069
885.4900382370698
885.6912859730328
885.8925337089958
886.0937814449587
886.2950291809217
886.4962769168847
886.6975246528476
886.8987723888106
887.1000201247736
887.3012678607365
887.5025155966995
887.7037633326624
887.9050110686254
888.1062588045884
888.3075065405513
888.5087542765143
888.7100020124773
888.9112497484402
889.1124974844033
889.3137452203663
889.5149929563293
889.7162406922922
889.9174884282552
890.1187361642181
890.3199839001811
890.5212316361441
890.722479372107
890.92372710807
891.124974844033
891.3262225799959
891.5274703159589
891.7287180519219
891.9299657878848
892.1312135238478
892.3324612598108
892.5337089957737
892.7349567317367
892.9362044676997
893.1374522036626
893.3386999396256
893.5399476755886
893.7411954115515
893.9424431475146
894.1436908834776
894.3449386194405
894.5461863554035
894.7474340913665
894.9486818273294
895.1499295632924
895.3511772992554
895.5524250352183
895.7536727711813
895.9549205071443
896.1561682431072
896.3574159790702
896.5586637150332
896.7599114509961
896.9611591869591
897.1624069229221
897.363654658885
897.564902394848
897.766150130811
897.9673978667739
898.1686456027369
898.3698933386999
898.5711410746628
898.7723888106259
898.9736365465889
899.1748842825518
899.3761320185148
899.5773797544778
899.7786274904407
899.9798752264037
900.1811229623667
900.3823706983296
900.5836184342926
900.7848661702556
900.9861139062185
901.1873616421815
901.3886093781445
901.5898571141074
901.7911048500704
901.9923525860333
902.1936003219963
902.3948480579593
902.5960957939222
902.7973435298852
902.9985912658482
903.1998390018111
903.4010867377742
903.6023344737372
903.8035822097002
904.0048299456631
904.2060776816261
904.407325417589
904.608573153552
904.809820889515
905.011068625478
905.2123163614409
905.4135640974039
905.6148118333668
905.8160595693298
906.0173073052928
906.2185550412557
906.4198027772187
906.6210505131817
906.8222982491446
907.0235459851076
907.2247937210706
907.4260414570335
907.6272891929965
907.8285369289595
908.0297846649224
908.2310324008855
908.4322801368485
908.6335278728114
908.8347756087744
909.0360233447374
909.2372710807003
909.4385188166633
909.6397665526263
909.8410142885892
910.0422620245522
910.2435097605152
910.4447574964781
910.6460052324411
910.8472529684041
911.048500704367
911.24974844033
911.450996176293
911.6522439122559
911.8534916482189
912.0547393841819
912.2559871201448
912.4572348561078
912.6584825920708
912.8597303280337
913.0609780639968
913.2622257999598
913.4634735359227
913.6647212718857
913.8659690078487
914.0672167438116
914.2684644797746
914.4697122157376
914.6709599517005
914.8722076876635
915.0734554236265
915.2747031595894
915.4759508955524
915.6771986315154
915.8784463674783
916.0796941034413
916.2809418394042
916.4821895753672
916.6834373113302
916.8846850472931
917.0859327832561
917.2871805192191
917.488428255182
917.689675991145
917.8909237271081
918.092171463071
918.293419199034
918.494666934997
918.69591467096
918.8971624069229
919.0984101428859
919.2996578788488
919.5009056148118
919.7021533507748
919.9034010867377
920.1046488227007
920.3058965586637
920.5071442946266
920.7083920305896
920.9096397665526
921.1108875025155
921.3121352384785
921.5133829744415
921.7146307104044
921.9158784463674
922.1171261823304
922.3183739182933
922.5196216542563
922.7208693902194
922.9221171261823
923.1233648621453
923.3246125981083
923.5258603340712
923.7271080700342
923.9283558059972
924.1296035419601
924.3308512779231
924.5320990138861
924.733346749849
924.934594485812
925.135842221775
925.3370899577379
925.5383376937009
925.7395854296639
925.9408331656268
926.1420809015898
926.3433286375528
926.5445763735157
926.7458241094787
926.9470718454417
927.1483195814046
927.3495673173677
927.5508150533307
927.7520627892936
927.9533105252566
928.1545582612196
928.3558059971825
928.5570537331455
928.7583014691085
928.9595492050714
929.1607969410344
929.3620446769974
929.5632924129603
929.7645401489233
929.9657878848863
930.1670356208492
930.3682833568122
930.5695310927752
930.7707788287381
930.9720265647011
931.173274300664
931.374522036627
931.57576977259
931.777017508553
931.9782652445159
932.179512980479
932.380760716442
932.5820084524049
932.7832561883679
932.9845039243309
933.1857516602938
933.3869993962568
933.5882471322197
933.7894948681827
933.9907426041457
934.1919903401086
934.3932380760716
934.5944858120346
934.7957335479975
934.9969812839605
935.1982290199235
935.3994767558864
935.6007244918494
935.8019722278124
936.0032199637753
936.2044676997383
936.4057154357013
936.6069631716642
936.8082109076272
937.0094586435903
937.2107063795532
937.4119541155162
937.6132018514792
937.8144495874421
938.0156973234051
938.2169450593681
938.418192795331
938.619440531294
938.820688267257
939.0219360032199
939.2231837391829
939.4244314751459
939.6256792111088
939.8269269470718
940.0281746830348
940.2294224189977
940.4306701549607
940.6319178909237
940.8331656268866
941.0344133628496
941.2356610988126
941.4369088347755
941.6381565707385
941.8394043067016
942.0406520426645
942.2418997786275
942.4431475145905
942.6443952505534
942.8456429865164
943.0468907224794
943.2481384584423
943.4493861944053
943.6506339303683
943.8518816663312
944.0531294022942
944.2543771382572
944.4556248742201
944.6568726101831
944.858120346146
945.059368082109
945.260615818072
945.461863554035
945.6631112899979
945.8643590259609
946.0656067619238
946.2668544978868
946.4681022338498
946.6693499698129
946.8705977057758
947.0718454417388
947.2730931777018
947.4743409136647
947.6755886496277
947.8768363855907
948.0780841215536
948.2793318575166
948.4805795934795
948.6818273294425
948.8830750654055
949.0843228013684
949.2855705373314
949.4868182732944
949.6880660092573
949.8893137452203
950.0905614811833
950.2918092171462
950.4930569531092
950.6943046890722
950.8955524250351
951.0968001609981
951.2980478969611
951.4992956329241
951.7005433688871
951.9017911048501
952.103038840813
952.304286576776
952.505534312739
952.7067820487019
952.9080297846649
953.1092775206279
953.3105252565908
953.5117729925538
953.7130207285168
953.9142684644797
954.1155162004427
954.3167639364057
954.5180116723686
954.7192594083316
954.9205071442946
955.1217548802575
955.3230026162205
955.5242503521835
955.7254980881464
955.9267458241094
956.1279935600725
956.3292412960354
956.5304890319984
956.7317367679614
956.9329845039243
957.1342322398873
957.3354799758503
957.5367277118132
957.7379754477762
957.9392231837392
958.1404709197021
958.3417186556651
958.542966391628
958.744214127591
958.945461863554
959.146709599517
959.3479573354799
959.5492050714429
959.7504528074058
959.9517005433688
960.1529482793318
960.3541960152947
960.5554437512577
960.7566914872207
960.9579392231838
961.1591869591467
961.3604346951097
961.5616824310727
961.7629301670356
961.9641779029986
962.1654256389616
962.3666733749245
962.5679211108875
962.7691688468504
962.9704165828134
963.1716643187764
963.3729120547393
963.5741597907023
963.7754075266653
963.9766552626282
964.1779029985912
964.3791507345542
964.5803984705171
964.7816462064801
964.9828939424431
965.184141678406
965.385389414369
965.586637150332
965.787884886295
965.989132622258
966.190380358221
966.391628094184
966.5928758301469
966.7941235661099
966.9953713020728
967.1966190380358
967.3978667739988
967.5991145099617
967.8003622459247
968.0016099818877
968.2028577178506
968.4041054538136
968.6053531897766
968.8066009257395
969.0078486617025
969.2090963976655
969.4103441336284
969.6115918695914
969.8128396055544
970.0140873415173
970.2153350774803
970.4165828134433
970.6178305494063
970.8190782853693
971.0203260213323
971.2215737572952
971.4228214932582
971.6240692292212
971.8253169651841
972.0265647011471
972.2278124371101
972.429060173073
972.630307909036
972.831555644999
973.0328033809619
973.2340511169249
973.4352988528879
973.6365465888508
973.8377943248138
974.0390420607768
974.2402897967397
974.4415375327027
974.6427852686656
974.8440330046286
975.0452807405916
975.2465284765545
975.4477762125176
975.6490239484806
975.8502716844436
976.0515194204065
976.2527671563695
976.4540148923325
976.6552626282954
976.8565103642584
977.0577581002213
977.2590058361843
977.4602535721473
977.6615013081102
977.8627490440732
978.0639967800362
978.2652445159991
978.4664922519621
978.6677399879251
978.868987723888
979.070235459851
979.271483195814
979.4727309317769
979.6739786677399
979.8752264037029
980.076474139666
980.2777218756289
980.4789696115919
980.6802173475548
980.8814650835178
981.0827128194808
981.2839605554437
981.4852082914067
981.6864560273697
981.8877037633326
982.0889514992956
982.2901992352586
982.4914469712215
982.6926947071845
982.8939424431475
983.0951901791104
983.2964379150734
983.4976856510364
983.6989333869993
983.9001811229623
984.1014288589253
984.3026765948882
984.5039243308512
984.7051720668142
984.9064198027772
985.1076675387402
985.3089152747032
985.5101630106661
985.7114107466291
985.9126584825921
986.113906218555
986.315153954518
986.516401690481
986.7176494264439
986.9188971624069
987.1201448983699
987.3213926343328
987.5226403702958
987.7238881062588
987.9251358422217
988.1263835781847
988.3276313141477
988.5288790501106
988.7301267860736
988.9313745220365
989.1326222579995
989.3338699939625
989.5351177299254
989.7363654658885
989.9376132018515
990.1388609378145
990.3401086737774
990.5413564097404
990.7426041457034
990.9438518816663
991.1450996176293
991.3463473535923
991.5475950895552
991.7488428255182
991.9500905614811
992.1513382974441
992.3525860334071
992.55383376937
992.755081505333
992.956329241296
993.1575769772589
993.3588247132219
993.5600724491849
993.7613201851478
993.9625679211108
994.1638156570738
994.3650633930367
994.5663111289998
994.7675588649628
994.9688066009257
995.1700543368887
995.3713020728517
995.5725498088146
995.7737975447776
995.9750452807406
996.1762930167035
996.3775407526665
996.5787884886295
996.7800362245924
996.9812839605554
997.1825316965184
997.3837794324813
997.5850271684443
997.7862749044073
997.9875226403702
998.1887703763332
998.3900181122962
998.5912658482591
998.7925135842221
998.9937613201851
999.195009056148
999.3962567921111
999.5975045280741
999.798752264037
1000.0
